2000000
1551686
1932249
1527103
1809083
1903134
1140113
1922761
764028
16408
1257302
628053
816285
838794
367938
1340011
88197
1407612
1012909
1716333
640194
694074
1369034
771117
1594236
297932
1061934
1472724
1850791
1825005
1760612
402834
937442
1415884
1762830
44151
1892529
776373
1175161
309148
249083
916437
350854
917048
1445671
150612
729969
229884
822652
1108571
589430
155875
1214682
1283307
812550
1642863
743791
1562054
368505
757728
1534255
812913
226566
1439285
1391034
1406327
1070834
1705831
1080032
1775544
854606
436496
1479942
1230247
1070175
1139446
1322867
33590
637015
730953
1495740
680343
560331
1049881
1447467
31864
1062889
1972741
1818843
924414
1968012
504642
1792914
853591
686964
5327
1267999
648051
1132646
1830981
1624534
1019546
1421694
194543
264231
1709047
684268
1375632
698919
427714
1349956
297527
897654
741435
1486414
1163355
1338869
62434
1394027
119704
1109328
528100
221235
1229669
1255828
1078543
395727
972969
435841
926755
325833
143042
1471460
386901
10146
25216
1880151
392766
1492014
1545358
1109239
1738867
595778
1138094
1952468
1505738
770011
196249
632605
1629749
1534824
1879349
920124
253742
862594
354200
1182678
1252055
585340
395381
928060
396977
1739633
692013
1151826
125623
1457366
1821566
1439821
1485620
1841678
1294906
1584625
997268
370275
1427467
259035
86545
1870951
904959
481831
672328
1890695
1683763
1047613
1565300
1168772
567099
1777280
233249
1019569
1293949
1605774
854352
413240
1575098
1333592
1990823
1451909
137541
1582435
522360
1436810
1131148
764319
1752530
1419182
1327934
57509
707116
1039110
1955339
384039
1211150
1733143
980587
1525619
1099085
414030
87738
1968026
903513
857017
696234
773800
1967920
365490
1972843
1530416
870134
489527
42326
1136045
1000619
1567511
1049777
726893
1147832
412343
950167
274481
423423
1593300
90350
115834
936722
1509095
1915277
1076446
375761
1497467
233323
1634836
168284
287565
1098230
1350447
538987
1698391
375243
1180983
1267339
1404354
1793325
686503
1398899
1550920
1870457
527933
1626682
16786
1384126
596425
613520
1880324
703710
1035478
1893473
1667149
1346388
422675
178330
1623757
1936028
1021714
293938
1830174
872749
1573684
1390403
806775
217008
1938085
1712957
568705
1959501
657492
1389310
1197291
1218282
890030
1228676
427137
1008723
128918
541586
13712
1281829
707109
1289614
662638
921970
475502
1734116
799441
1785593
1225538
509196
1908978
358386
1494131
1557276
1479107
579654
1951000
1962639
724906
529601
465651
722173
743244
445614
285663
1269851
1211547
1478666
1241506
1059262
1280844
1355677
974926
1095815
481001
692115
1931650
92932
709413
639564
442424
352997
1396412
112066
715052
818437
1028479
1839067
1415947
1864578
1573789
235262
393670
709286
611760
857179
1478621
169487
1430694
1782892
1300313
1906874
1897985
1443941
1128792
1226859
869775
1194441
155078
981747
307945
1679743
102132
1275971
1753484
1376735
1138158
271516
258221
1674970
1779335
1036845
254154
385975
1063855
972915
45064
151488
298264
1535706
1614074
1093510
1590274
698368
125279
1006871
1257594
1531293
562363
383494
792217
152563
1281532
1149917
807527
1888256
685274
1121259
790048
964612
640050
1915192
1832741
61214
479027
818175
189612
1802294
1871714
513461
631935
664975
1751274
1662084
962547
1256653
1173668
245647
666534
551312
751879
483385
1191406
368120
1261301
1234136
193342
1723629
1242251
830360
1390740
1242197
128596
482693
444394
322192
1937250
246724
1054075
1676651
147877
1098213
631117
1342093
762893
315201
1195497
1259828
1163595
1333236
481533
1165739
1237138
957184
44379
1146458
245143
55276
1984846
1223186
388839
510113
1304194
1043344
113850
1603608
1666652
1535544
681580
1030865
1635483
390964
636751
513174
567107
317108
1958621
350323
509813
993548
1486667
1172529
1020761
1644269
777574
1920974
1964948
776158
592941
1433845
987898
125298
466534
780999
1265335
1281930
464174
730520
1480002
1423330
1739839
961609
1130806
649251
513809
612372
343260
612138
263138
754586
345633
1594030
1916712
531807
613028
631568
459384
1538504
1574652
1098999
1542719
1384894
1066527
1726194
1018286
1820057
541850
118728
1448264
1625357
450220
1309414
857499
1252285
1009190
727409
1517422
444165
455247
601374
689675
1246116
1727703
1598205
68464
1609158
1421070
1411732
938511
1386583
1969136
1037515
623461
1509930
811707
837527
1813847
149396
726013
1834305
539539
773233
1352559
551100
529562
1434719
1402208
742480
225575
123066
1931768
1248596
1539162
1516686
1306873
1577049
1012466
571314
1393782
622205
668013
973460
1684462
448083
447989
1946049
1310176
1344649
1005750
529317
716864
811343
456085
256482
1967834
466057
1183460
755702
1423818
1874388
486326
826637
1182017
416267
1501190
1830547
255394
1325430
23657
1646450
630793
360163
960629
1992816
1383004
338157
584798
1484582
439765
698416
264318
1880661
962967
720229
607873
432956
1972572
14351
849322
122338
1186276
882210
582409
1034031
762121
1955815
212194
1811008
896951
1021734
258693
1352087
653560
1576052
1061166
1059959
1276935
1181753
1075153
462482
1948194
615495
1308457
949766
1670516
574463
1054505
277950
594713
67925
971195
1717841
128585
756570
1184445
637791
1499366
272223
1915490
1308336
928923
1211231
728093
1287376
174800
227942
633621
123674
640176
147675
790201
1365550
1202964
117593
1081749
170568
1937581
1822504
1458954
124311
293613
1404679
1246618
1859067
359048
172026
1832373
1485440
1248566
820547
833930
1347706
677821
552264
64313
652634
555358
265494
1581174
1805205
1254754
1692979
1219481
661993
1327947
187548
1107432
1373852
357609
201743
2200
1732338
702245
633129
1899504
1866775
1372239
612995
289929
1096858
1779154
131264
1627816
918578
1001368
542502
466219
929636
906416
142199
753930
1009128
531659
895391
1412105
1004275
1103467
527008
218611
1837256
303692
393579
860261
1205472
1049887
48540
857870
1459050
177623
889790
495790
1370113
1518254
1916058
797877
575
1761636
1387810
1702033
1395605
38077
870285
653206
1088883
608301
1022938
458491
1909502
123183
623933
1475043
1099661
960136
901536
322249
185469
1325729
664985
1677544
76847
1483161
135560
290736
1889866
139434
1905557
1053647
666949
671979
197224
638382
1045007
1429136
1263744
261395
389011
806030
174888
293131
894631
300572
607216
1560485
1612303
1656680
1493852
900722
1490994
1824842
1960811
760459
1110543
1557741
64253
1801424
1741112
954062
1156084
1031553
177503
468408
307644
156427
308650
322057
1136106
1583343
1242402
1967490
743101
1698248
663819
625345
350272
477460
402245
665474
660747
1694227
1256917
1169968
1829653
920950
287594
635599
209105
1649431
651119
1361384
376013
743002
932517
1966234
1707614
950467
1353925
1371285
1116860
776269
675584
953074
1566302
1519696
615674
576808
427228
852196
1128580
123362
165021
1256094
1389834
1759929
